[CAMERA]
POS=8.805433,9.254377,0.738436
Pitch=0.447062
Yaw=4.646564
