[CAMERA]
POS=2.128722,4.046862,-4.065415
Pitch=0.648005
Yaw=-0.511693
