[CAMERA]
POS=2.039864,11.127064,-0.063025
Pitch=-0.116936
Yaw=-1.813654
