[CAMERA]
POS=-9.354488,7.781202,0.695232
Pitch=0.157996
Yaw=7.904591
