[CAMERA]
POS=3.782546,2.398331,-0.565214
Pitch=0.415008
Yaw=-1.424908
