[CAMERA]
POS=1.426989,-0.126196,-1.350412
Pitch=0.102943
Yaw=-0.861780
