[CAMERA]
POS=0.105920,0.891932,-1.968550
Pitch=0.459991
Yaw=6.225118
