[CAMERA]
POS=6.117998,10.895388,15.514903
Pitch=0.034998
Yaw=-2.840868
