[CAMERA]
POS=-5.867769,9.008604,2.848954
Pitch=0.396009
Yaw=7.511462
