[CAMERA]
POS=12.145894,9.679749,6.797811
Pitch=0.500967
Yaw=-2.089412
