[CAMERA]
POS=31.788012,114.017769,-10.020453
Pitch=0.991946
Yaw=5.142962
