[CAMERA]
POS=7.970947,1.231555,-0.414326
Pitch=-0.036003
Yaw=-1.292953
