[CAMERA]
POS=-0.878089,2.521918,-2.874590
Pitch=0.092947
Yaw=6.538758
