[CAMERA]
POS=7.648880,6.596338,4.009073
Pitch=0.628942
Yaw=9.026170
