[CAMERA]
POS=-36.097988,11.862049,3.868432
Pitch=0.354976
Yaw=8.948777
