[CAMERA]
POS=-7.654932,13.931248,5.704378
Pitch=0.068949
Yaw=7.700829
