[CAMERA]
POS=11.003262,17.551718,0.839926
Pitch=0.593956
Yaw=-1.276745
