[CAMERA]
POS=-1.244195,12.242738,14.221459
Pitch=0.228995
Yaw=9.282137
