[CAMERA]
POS=-1.507859,5.247402,12.796587
Pitch=0.362000
Yaw=-1.962192
