[CAMERA]
POS=-10.005445,9.314236,2.194736
Pitch=0.325065
Yaw=7.885594
