[CAMERA]
POS=-14.279424,25.128359,18.211273
Pitch=0.788992
Yaw=8.458276
