[CAMERA]
POS=0.723503,5.064261,7.821317
Pitch=0.302025
Yaw=6.377264
