[CAMERA]
POS=-3.318994,4.693993,-3.427420
Pitch=0.478080
Yaw=7.212884
