[CAMERA]
POS=-3.949726,5.871263,-3.109164
Pitch=0.196976
Yaw=3.161616
