[CAMERA]
POS=15.183567,14.377316,-0.814786
Pitch=0.354988
Yaw=-1.877210
