[CAMERA]
POS=4.522887,12.939554,-11.873569
Pitch=0.500983
Yaw=5.822102
