[CAMERA]
POS=-4.857658,10.465794,2.405977
Pitch=0.257996
Yaw=9.287596
