[CAMERA]
POS=14.377291,1.836575,-1.257832
Pitch=0.257000
Yaw=4.921160
