[CAMERA]
POS=-6.398384,15.369073,5.634413
Pitch=0.279065
Yaw=3.227870
