[CAMERA]
POS=-7.815939,9.247335,-1.591467
Pitch=0.379062
Yaw=7.637906
