[CAMERA]
POS=-13.403615,16.426689,-0.614057
Pitch=0.513046
Yaw=7.733223
