[CAMERA]
POS=-3.459390,11.813548,-3.255146
Pitch=0.509991
Yaw=6.741882
