[CAMERA]
POS=-0.359939,0.429437,-3.017825
Pitch=0.053947
Yaw=6.459485
