[CAMERA]
POS=-16.809071,10.114771,-1.084542
Pitch=0.336006
Yaw=7.839297
