[CAMERA]
POS=-3.920008,2.994165,4.509693
Pitch=0.200093
Yaw=8.681011
