[CAMERA]
POS=-4.425058,4.038051,-3.868939
Pitch=0.313000
Yaw=7.108144
