[CAMERA]
POS=-1.904916,5.684235,-0.824690
Pitch=0.418996
Yaw=7.717550
