[CAMERA]
POS=0.210566,-0.167969,-2.911794
Pitch=0.196993
Yaw=6.154941
