[CAMERA]
POS=-7.891181,6.856880,-10.002517
Pitch=0.055020
Yaw=6.964252
