[CAMERA]
POS=50.477905,15.852021,1.660639
Pitch=0.265049
Yaw=7.897375
