[CAMERA]
POS=-0.235256,3.807097,5.242768
Pitch=-0.104990
Yaw=8.692362
