[CAMERA]
POS=-9.042789,11.011746,-7.213688
Pitch=0.297048
Yaw=7.193224
