[CAMERA]
POS=12.723120,8.492170,2.601929
Pitch=0.124009
Yaw=4.834015
