[CAMERA]
POS=-3.516112,2.093357,18.129702
Pitch=0.061007
Yaw=9.154143
