[CAMERA]
POS=-9.904069,7.119165,-9.164654
Pitch=0.072942
Yaw=7.713536
