[CAMERA]
POS=40.582535,8.142582,0.684786
Pitch=0.120007
Yaw=-1.481296
