[CAMERA]
POS=-9.753188,1.894148,3.681668
Pitch=-0.001056
Yaw=7.794448
