[CAMERA]
POS=-8.932449,13.264066,0.667277
Pitch=0.589934
Yaw=7.550086
