[CAMERA]
POS=-1.881914,30.207401,20.779615
Pitch=0.964720
Yaw=9.104512
