[CAMERA]
POS=-4.729578,8.864246,0.630816
Pitch=0.145976
Yaw=9.344814
