[CAMERA]
POS=-7.754545,10.542625,6.513701
Pitch=-0.257005
Yaw=8.712306
