[CAMERA]
POS=-3.347001,14.808002,10.209719
Pitch=0.699001
Yaw=8.853700
