[CAMERA]
POS=7.024008,9.409200,0.645220
Pitch=0.078014
Yaw=3.391156
