[CAMERA]
POS=2.856138,20.154028,6.891465
Pitch=1.555942
Yaw=-0.392734
