[CAMERA]
POS=3.945217,11.473382,-0.958521
Pitch=0.279940
Yaw=4.750091
