[CAMERA]
POS=-5.212295,12.846883,18.151905
Pitch=0.637001
Yaw=9.180943
