[CAMERA]
POS=30.110210,39.678894,7.687911
Pitch=0.521059
Yaw=-1.834616
