[CAMERA]
POS=18.335482,13.947935,3.741044
Pitch=-0.459998
Yaw=4.606740
