[CAMERA]
POS=-2.285600,1.575097,-2.217336
Pitch=0.013000
Yaw=7.561218
