[CAMERA]
POS=15.951424,10.923734,0.053736
Pitch=0.196064
Yaw=4.954226
