[CAMERA]
POS=-0.521403,9.935958,16.114223
Pitch=0.446962
Yaw=9.223986
