[CAMERA]
POS=-4.181598,1.711413,-0.519891
Pitch=0.141947
Yaw=7.743750
