[CAMERA]
POS=-0.480923,4.272265,-4.858044
Pitch=0.302974
Yaw=6.542806
