[CAMERA]
POS=8.938507,9.389422,-3.867704
Pitch=0.557010
Yaw=-0.792126
