[CAMERA]
POS=-8.059372,8.542707,0.433311
Pitch=0.239065
Yaw=8.178480
