[CAMERA]
POS=-0.818067,0.909415,-3.726192
Pitch=0.172002
Yaw=6.462287
