[CAMERA]
POS=-0.230342,1.931197,-3.614351
Pitch=0.055939
Yaw=-0.011655
