[CAMERA]
POS=11.231791,8.121795,2.110653
Pitch=0.116950
Yaw=8.976881
