[CAMERA]
POS=0.000000,0.000000,-10.000000
Pitch=0.000000
Yaw=0.000000
