[CAMERA]
POS=0.750093,2.071320,-3.470825
Pitch=0.099061
Yaw=5.982162
