[CAMERA]
POS=-11.265190,22.404915,2.487712
Pitch=0.201049
Yaw=7.992506
